,0
0,0.0
1,0.0025935508590441136
2,0.009602208414928926
3,0.021252544184269362
4,0.030648238038148035
5,0.027381735832724796
6,0.006483987767690436
7,-0.0245921537841855
8,-0.040548846007054384
9,0.008820585233888012
10,0.19892364157532877
11,0.6029428310516203
12,1.2189394446457806
13,1.8630714744361188
14,2.12417013682894
15,1.5522194279698076
16,0.07508068018163533
17,-1.7669252033385054
18,-3.1558615287344036
19,-3.6182346905861436
20,-3.280219408400981
21,-2.5958727954484413
22,-1.9522785826801294
23,-1.5000951545197772
24,-1.2138171713740713
25,-1.020437372979723
26,-0.8744047816213665
27,-0.759816277636266
28,-0.6682284205877496
29,-0.5916039770964997
30,-0.5252808509380371
31,-0.4662310400066028
32,-0.41144403126518747
33,-0.3607261746963744
34,-0.31569153024235136
35,-0.2744536868714864
36,-0.23237585810832756
37,-0.18818391598247453
38,-0.14376388994039052
39,-0.0978768459604824
40,-0.04631136316830878
41,0.009159495990380795
42,0.05779981498722153
43,0.09136903991011475
44,0.11308179470323698
45,0.1293032179034717
46,0.13936642417275036
47,0.14000992433734533
48,0.13442363488326953
49,0.13112281639182521
50,0.13484656543413426
51,0.14209847646529888
52,0.146430543380705
53,0.14426861446064193
54,0.13422880144639132
55,0.11640422245807436
56,0.09545926512088188
57,0.07975748056724308
58,0.07350112420770993
59,0.07222921565949342
60,0.06867311269988641
61,0.060948704780028395
62,0.05263313192674035
63,0.04680637583538266
